bypass = false
mono = false
ms = false
sphase = false
hpm = 0
hpf = 10.00000
lpm = 0
lpf = 20000.00000
rate = 0.25000
depth = 0.00 db
frac = 2.00000
denom = 2.00000
tempo = 120.00000
sync = true
time = 1
reset = false
filters = 1
qfactor = 1.00000
xfade = 11.87384
type = 0
period = 1
atype = 0
aperiod = 0
lo = 75.00000
lfs = 200.00000
lfe = 5000.00000
lip = 0.00000
lfp = 360.00000
lcp = 90.00000
fb_on = true
fgain = -1.00 db
fdelay = 0.18000
fphase = false
g_in = 0.00 db
dry = -inf db
wet = -6.00 db
drywet = 100.00000
g_out = 0.00 db
