bypass = false
mono = false
ms = false
sphase = false
hpm = 0
hpf = 10.00000
lpm = 0
lpf = 20000.00000
rate = 0.25000
depth = 0.00 db
frac = 1.00000
denom = 4.00000
tempo = 120.00000
sync = false
time = 2
reset = false
filters = 1
qfactor = 2.66126
xfade = 0.00000
type = 1
period = 0
atype = 0
aperiod = 0
lo = 100.00000
lfs = 85.70000
lfe = 284.00000
lflink = true
lip = 299.52283
lfp = 85.59908
lcp = 251.36206
fb_on = false
fgain = -6.00 db
fdelay = 0.00000
fphase = false
g_in = 0.00 db
dry = -inf db
wet = 0.00 db
drywet = 100.00000
g_out = -4.40 db
