bypass = false
mono = false
ms = false
sphase = false
hpm = 0
hpf = 10.00000
lpm = 0
lpf = 20000.00000
rate = 2.00000
depth = 0.00 db
frac = 1.00000
denom = 4.00000
tempo = 120.00000
sync = false
time = 0
reset = false
filters = 1
qfactor = 0.20000
xfade = 0.00000
type = 1
period = 0
atype = 0
aperiod = 0
lo = 100.00000
lfs = 300.00000
lfe = 8000.00000
lip = 0.00000
lfp = 90.00000
lcp = 90.00000
fb_on = false
fgain = -6.00 db
fdelay = 0.00000
fphase = false
g_in = 0.00 db
dry = -inf db
wet = 0.00 db
drywet = 100.00000
g_out = 0.00 db
